942
943
943
942
946
947
946
945
944
944
944
945
945
943
943
944
945
947
949
947
945
946
947
949
947
945
945
947
949
949
947
945
946
946
951
949
947
945
948
947
949
948
946
948
949
949
949
949
948
946
946
951
950
949
947
946
946
949
951
947
948
946
949
949
951
950
947
945
947
947
950
951
950
949
954
957
960
961
960
959
961
965
967
964
965
967
967
968
970
968
966
965
965
966
968
966
965
962
965
967
968
969
965
963
964
965
965
967
964
963
964
965
964
963
961
962
961
965
964
962
958
956
958
960
960
961
959
957
958
961
960
960
958
955
956
957
958
957
955
954
955
956
957
957
958
957
956
957
960
956
956
954
951
952
955
955
954
954
954
956
956
955
955
948
952
952
955
955
954
953
955
958
958
957
957
956
958
960
966
966
964
963
967
968
969
968
969
970
971
974
978
975
976
973
973
975
977
973
971
972
973
970
971
968
973
974
975
971
968
964
961
959
957
955
958
957
955
952
954
956
957
955
952
951
949
950
951
951
948
949
949
951
950
952
950
948
951
952
954
953
950
947
945
938
935
927
921
911
913
929
942
943
943
942
946
947
946
945
944
944
944
945
945
943
943
944
945
947
949
947
945
946
947
949
947
945
945
947
949
949
947
945
946
946
951
949
947
945
948
947
949
948
946
948
949
949
949
949
948
946
946
951
950
949
947
946
946
949
951
947
948
946
949
949
951
950
947
945
947
947
950
951
950
949
954
957
960
961
960
959
961
965
967
964
965
967
967
968
970
968
966
965
965
966
968
966
965
962
965
967
968
969
965
963
964
965
965
967
964
963
964
965
964
963
961
962
961
965
964
962
958
956
958
960
960
961
959
957
958
961
960
960
958
955
956
957
958
957
955
954
955
956
957
957
958
957
956
957
960
956
956
954
951
952
955
955
954
954
954
956
956
955
955
948
952
952
955
955
954
953
955
958
958
957
957
956
958
960
966
966
964
963
967
968
969
968
969
970
971
974
978
975
976
973
973
975
977
973
971
972
973
970
971
968
973
974
975
971
968
964
961
959
957
955
958
957
955
952
954
956
957
955
952
951
949
950
951
951
948
949
949
951
950
952
950
948
951
952
954
953
950
947
945
938
935
927
921
911
913
929
942
943
943
942
946
947
946
945
944
944
944
945
945
943
943
944
945
947
949
947
945
946
947
949
947
945
945
947
949
949
947
945
946
946
951
949
947
945
948
947
949
948
946
948
949
949
949
949
948
946
946
951
950
949
947
946
946
949
951
947
948
946
949
949
951
950
947
945
947
947
950
951
950
949
954
957
960
961
960
959
961
965
967
964
965
967
967
968
970
968
966
965
965
966
968
966
965
962
965
967
968
969
965
963
964
965
965
967
964
963
964
965
964
963
961
962
961
965
964
962
958
956
958
960
960
961
959
957
958
961
960
960
958
955
956
957
958
957
955
954
955
956
957
957
958
957
956
957
960
956
956
954
951
952
955
955
954
954
954
956
956
955
955
948
952
952
955
955
954
953
955
958
958
957
957
956
958
960
966
966
964
963
967
968
969
968
969
970
971
974
978
975
976
973
973
975
977
973
971
972
973
970
971
968
973
974
975
971
968
964
961
959
957
955
958
957
955
952
954
956
957
955
952
951
949
950
951
951
948
949
949
951
950
952
950
948
951
952
954
953
950
947
945
938
935
927
921
911
913
929
942
943
943
942
946
947
946
945
944
944
944
945
945
943
943
944
945
947
949
947
945
946
947
949
947
945
945
947
949
949
947
945
946
946
951
949
947
945
948
947
949
948
946
948
949
949
949
949
948
946
946
951
950
949
947
946
946
949
951
947
948
946
949
949
951
950
947
945
947
947
950
951
950
949
954
957
960
961
960
959
961
965
967
964
965
967
967
968
970
968
966
965
965
966
968
966
965
962
965
967
968
969
965
963
964
965
965
967
964
963
964
965
964
963
961
962
961
965
964
962
958
956
958
960
960
961
959
957
958
961
960
960
958
955
956
957
958
957
955
954
955
956
957
957
958
957
956
957
960
956
956
954
951
952
955
955
954
954
954
956
956
955
955
948
952
952
955
955
954
953
955
958
958
957
957
956
958
960
966
966
964
963
967
968
969
968
969
970
971
974
978
975
976
973
973
975
977
973
971
972
973
970
971
968
973
974
975
971
968
964
961
959
957
955
958
957
955
952
954
956
957
955
952
951
949
950
951
951
948
949
949
951
950
952
950
948
951
952
954
953
950
947
945
938
935
927
921
911
913
929